Max Power: 10
Max Electricity Bill: 500000
no. of prices: 50
0. 6139
1. 6204
2. 5839
3. 6402
4. 7169
5. 9608
6. 9301
7. 9700
8. 8642
9. 8191
10. 8590
11. 8553
12. 8290
13. 7576
14. 7589
15. 7153
16. 7234
17. 7762
18. 8247
19. 7989
20. 8769
21. 8430
22. 8469
23. 8338
24. 7754
25. 8526
26. 6617
27. 7806
28. 7135
29. 5925
30. 5944
31. 4303
32. 4491
33. 3822
34. 2030
35. 3368
36. 4013
37. 2551
38. 1851
39. 3061
40. 3286
41. 3674
42. 4504
43. 4905
44. 5801
45. 6043
46. 6148
47. 6152
48. 6804
49. 8136

no. of tasks: 10
taskID	power	startInt	endInt
1	1	35	39
2	4	25	34
3	1	39	47
4	36	11	49
5	2	35	41
6	16	18	47
7	1	35	48
8	40	2	42
9	4	29	47
10	13	34	49

power=[1, 1, 1, 2, 4, 4, 13, 16, 36, 40]
start=[2, 11, 18, 25, 29, 34, 35, 35, 35, 39]
end=[34, 39, 41, 42, 47, 47, 47, 48, 49, 49]