48.9104,16.106,48.1139,15.3747
200
47.2436,14.7186
47.1376,14.2114
47.7438,13.8949
48.7284,15.1734
47.618,13.4012
48.6858,13.0891
47.8405,15.93
47.1842,14.3257
47.3711,13.8181
47.958,13.3154
48.2028,13.2087
48.0248,13.6938
47.3295,14.2606
47.7401,14.6684
47.0406,14.6593
48.7675,13.4251
48.6906,15.7831
47.189,13.3389
47.4717,13.4459
47.7435,13.6857
47.5283,15.1794
47.4867,13.4478
48.1862,15.5208
47.3913,15.672
47.1491,14.7504
47.1715,13.6763
48.4082,14.9667
47.1065,15.2011
47.5536,13.2986
47.2653,15.3781
47.3331,14.4389
48.6872,13.1259
47.3068,15.5316
47.1618,15.2964
47.4693,15.7645
47.4695,13.571
48.5713,13.8096
48.693,15.7551
48.3638,14.5075
47.4915,14.7352
47.5071,13.9187
48.4396,13.9467
48.2403,15.0599
47.6792,15.757
48.4925,15.3053
47.4026,13.6871
48.128,14.5652
47.2954,15.8895
47.469,15.9545
48.2013,13.7589
48.1116,15.7343
47.3412,15.9796
47.1652,13.8454
48.2157,14.7141
47.3799,15.3621
48.4551,14.9993
48.6027,13.6684
48.3381,14.7571
47.6024,15.1032
48.0972,13.1237
48.3385,15.2365
47.0513,14.0799
47.0137,14.8153
47.4624,15.6027
47.9475,14.7758
47.5997,14.7689
47.2327,15.5294
48.4134,14.4219
48.4993,15.0271
47.0692,13.1567
48.4973,14.8545
48.1747,15.4995
48.2327,13.8437
48.6429,15.2378
47.2428,14.3761
47.1785,14.9147
47.6822,13.7178
48.7488,13.5212
48.6026,14.3574
48.106,14.4134
47.1606,14.4203
48.4655,14.4389
47.4605,13.8001
48.0119,14.1885
47.151,14.6861
47.2032,14.1839
47.3339,13.6756
47.4776,14.6801
48.2127,13.63
47.3252,13.5963
48.2155,15.884
47.1817,14.8908
47.4543,15.3257
48.4279,13.4704
48.3542,14.2492
47.7294,13.4643
47.0784,13.7323
48.2437,13.4031
47.8023,13.6096
47.4341,13.522
47.7521,13.9011
47.7852,14.0549
47.4092,14.8123
47.5904,15.003
48.606,14.1469
47.996,14.4441
48.19,15.1697
48.2312,15.006
47.3168,15.6171
47.2239,14.6465
47.4481,14.6874
48.4103,13.3764
48.577,15.4425
47.485,14.02
48.2802,13.1209
47.5006,15.5369
48.3054,15.4027
47.333,13.8271
47.3433,13.6708
48.0513,13.3064
47.8026,15.7908
48.2009,15.8746
47.2122,13.8752
48.5939,15.2036
48.1052,15.9101
47.5321,15.5426
48.3066,13.0065
47.639,15.482
47.2428,13.3861
48.266,15.3242
47.8164,15.0327
48.1559,13.8914
47.3517,13.2288
48.096,13.7455
48.3041,15.9511
48.6747,15.9127
48.4485,13.3279
47.9649,15.2893
48.5144,13.0529
47.2044,15.9616
47.5194,14.814
47.7148,14.6907
48.7677,14.4278
48.6069,14.8083
47.6262,13.4707
47.6588,14.7286
47.9683,15.7666
48.5191,15.2076
47.9857,13.1302
48.2887,14.3826
47.5054,14.2707
48.3638,15.4872
47.6248,15.7366
47.9868,15.9756
47.1758,13.2274
48.4417,15.5891
47.066,15.5097
48.0586,13.6759
47.508,13.5586
47.5452,14.811
47.346,13.394
47.8505,13.4769
48.1145,13.403
47.3854,14.243
47.9233,14.7256
47.3717,15.5276
48.3546,13.5388
47.9747,13.6468
47.2765,15.8006
48.2846,13.4338
48.0328,15.2067
47.5549,14.272
48.6492,15.7799
48.1816,14.9018
48.1151,15.641
48.5129,15.8573
48.6435,13.1115
48.7131,13.8453
48.2894,13.3681
47.7765,14.8108
48.0179,15.4067
48.1847,15.8268
47.6506,15.0804
48.2294,14.3175
47.0921,14.4517
47.2894,15.4542
48.0393,15.6442
47.1388,15.8688
48.013,13.7895
48.4906,14.1045
47.4113,13.5512
48.036,13.4596
48.7863,14.0543
48.0232,14.0948
47.0689,13.8702
47.5423,15.4512
48.6269,14.994
48.7286,13.1724
48.432,13.5099
48.0796,14.8439
