48.793,16.0281,47.7235,15.4635
40
47.3228,13.1697
47.3591,14.9823
47.9755,14.7615
47.2068,15.7659
48.7228,14.4713
47.6542,14.3994
47.4246,14.5699
47.3153,14.1862
48.5803,15.0099
48.0368,13.3512
48.3445,14.7905
47.2837,13.6222
48.0268,15.1399
48.0361,15.1883
47.0302,14.9355
47.3293,15.4634
47.4642,14.0409
48.2449,13.7007
48.7989,14.9653
48.1765,13.0878
48.6722,15.4417
48.5341,15.5081
47.7486,14.1876
47.7264,15.6724
47.1447,13.2407
47.8677,14.8215
47.9787,15.8634
47.1895,14.6546
47.4835,14.0807
47.6086,14.5722
48.6271,15.4522
48.1003,15.7156
48.7287,13.6864
48.0579,14.6544
48.7263,14.182
47.2794,13.9065
47.7555,15.5239
48.2186,14.7784
47.3346,13.3756
48.0586,15.2892
