48.8289,16.1588,48.6321,15.6513
500
47.8773,15.3498
47.0605,15.4566
48.4326,14.6156
48.4885,14.6174
47.6257,13.5481
47.1954,15.2588
47.123,13.0968
47.5319,13.1735
47.106,13.086
48.4109,13.8523
48.2285,15.1416
48.7975,14.8427
48.0743,15.3556
47.1201,15.8467
47.3088,14.2885
48.331,14.5052
47.8168,13.3514
47.4352,14.627
47.8557,13.5282
47.3313,15.3862
47.4173,13.7729
47.9655,13.7578
47.1866,15.2748
48.6841,13.1685
48.5157,14.0979
47.4907,15.0207
47.8881,13.4926
48.0611,15.3918
48.4381,13.4337
48.4521,13.8315
48.2146,14.6623
48.2503,15.7607
47.6266,13.7069
48.4517,13.532
48.0947,13.02
48.4354,14.733
47.7479,13.4976
48.2027,13.8046
48.4489,14.2528
48.7888,13.5083
48.1105,15.5794
47.2205,13.2028
47.1751,13.5846
48.1969,14.2887
48.4672,15.972
47.5968,15.5472
48.202,14.9352
47.5812,15.4324
48.7344,15.0653
47.0491,15.6801
48.2676,13.587
48.3348,14.8714
47.4051,14.1243
47.8842,15.826
47.525,15.5421
48.4383,14.9147
48.0859,15.2327
47.7708,13.5554
47.7295,14.5046
48.2723,13.3076
48.0361,13.484
47.0592,14.0945
47.2119,13.1704
47.9932,14.1677
47.8373,15.9781
48.4421,15.4815
47.6904,14.2586
47.5886,15.1708
47.9747,14.9341
48.5957,14.8111
47.0266,15.4684
48.5782,15.1052
47.1557,13.9746
47.0948,15.5665
48.2783,13.2945
47.7771,14.6669
48.6477,15.3931
47.941,13.784
47.453,15.3857
48.1879,14.117
47.162,14.9615
47.4977,13.545
47.4179,13.8782
47.7378,15.1715
48.4639,15.5862
48.0709,15.0441
48.6669,13.8898
48.0271,14.2449
48.3371,14.873
48.6293,15.2268
47.3022,14.1065
48.3055,13.9196
47.3818,15.4067
47.4043,13.7446
47.6313,14.1462
47.9434,14.2609
47.1753,14.307
48.3604,14.723
48.6358,13.1329
48.7128,15.3487
47.5743,13.367
47.7789,15.5884
48.6141,15.6643
48.6462,15.1488
47.3864,13.8337
47.846,13.9497
47.9522,14.1079
48.4884,14.5924
47.4922,14.6398
47.3854,13.2823
48.4284,15.9073
47.2091,15.4869
48.7443,15.6439
48.5287,14.9081
47.9023,14.3342
48.4906,15.6279
48.2242,13.1889
48.3636,14.5195
47.6957,14.8678
48.3592,15.2339
48.6842,15.0371
48.0517,13.2431
47.2165,14.1369
48.3756,13.5752
47.8551,15.4896
47.5577,14.9883
47.6313,15.1073
47.4504,14.4169
48.5468,13.2499
48.5811,15.5784
47.2393,15.9482
48.6018,14.6488
48.1219,14.3395
47.3317,13.9089
47.6528,15.7616
47.2221,14.2215
47.3707,14.1239
47.8401,13.1296
47.1365,15.1076
47.0681,14.2614
47.2668,13.2588
47.7456,13.5973
48.3112,14.0102
48.0435,15.9845
47.5318,15.1133
47.9517,15.0939
48.4746,13.876
47.4882,15.7806
48.7885,15.9805
47.9911,13.5568
47.844,15.5107
48.5425,13.5891
47.9311,15.1327
48.7924,14.3178
48.4738,15.1654
48.0001,13.4372
47.3912,15.5304
47.1879,15.5961
47.6525,13.2984
48.52,13.7618
47.2296,13.7443
48.3563,15.7419
48.0329,15.4835
48.7099,15.8863
47.0307,14.397
47.2398,14.4761
47.7996,14.6507
47.8497,13.7726
47.231,15.1856
47.4284,15.123
48.4269,13.5922
48.4716,15.9208
47.1584,14.2912
47.8513,14.5821
47.8322,15.4158
47.662,13.0366
48.3123,14.7363
48.6688,13.5336
48.3778,15.3821
48.0021,15.8372
48.4635,15.9961
47.204,14.1256
48.4254,13.3066
47.5144,15.1186
48.6017,13.9253
47.4071,15.1384
47.7974,15.4614
47.6304,13.9531
48.4118,15.806
47.3935,15.3714
47.5489,13.66
48.4462,15.6397
47.8043,15.0777
47.4465,15.7491
48.3033,13.9591
47.7831,13.7781
47.2832,15.0562
47.5265,14.3933
48.2573,14.1598
48.4184,13.5865
47.5756,14.7014
48.7783,13.6555
47.8071,13.0438
47.7042,15.3362
47.6062,14.2416
48.7773,13.8572
48.4016,15.0257
47.2392,14.5222
47.5424,15.2135
47.7066,14.2342
48.0754,15.6573
48.7108,14.1413
47.8904,14.226
47.1057,15.3301
47.3649,14.1662
47.4741,15.2005
48.6714,14.507
48.4831,14.8353
47.3639,15.9624
48.4832,15.324
47.756,14.0408
48.7336,13.6185
47.3193,15.797
48.6418,13.082
48.686,13.8565
47.7519,13.4456
47.8235,13.0061
47.0905,13.4118
47.3624,15.7736
48.0835,15.6326
48.1062,15.0238
48.1946,15.2519
48.4296,15.665
48.505,15.6294
47.9794,13.0977
47.6518,14.261
47.4326,14.0465
48.2751,13.2784
47.4396,13.8904
48.3842,15.2417
48.478,15.5491
48.647,14.2471
48.1825,13.4012
47.1317,13.6415
47.1767,13.5851
47.6842,13.8773
47.3311,13.3908
48.3131,14.2513
47.698,14.2651
48.2711,15.4504
48.3344,13.2431
48.7715,14.9728
48.2124,13.3757
47.4597,15.6124
47.8383,15.9475
47.2702,13.2753
48.2547,14.9746
47.744,13.4555
47.7838,15.635
48.4555,15.7141
47.3833,15.9142
48.5027,13.5032
47.0357,15.853
47.6528,13.6305
48.1665,13.3499
48.3026,14.5932
48.2964,14.5104
48.1125,14.9051
48.1747,15.0434
47.804,13.4066
48.1081,15.1778
47.5723,15.3857
47.5064,15.019
47.0588,13.1366
48.3973,14.1771
48.4519,13.3599
48.4276,14.8809
47.6431,13.5458
47.4666,15.6419
47.4466,15.1948
47.5531,15.8513
47.1163,13.4059
47.9858,13.4844
47.1362,14.0135
48.4495,15.3368
47.9466,15.0666
47.9878,14.9516
48.0763,14.0312
47.3875,15.5822
47.6965,15.6508
47.923,13.2043
48.687,14.92
48.0236,13.7207
47.9071,15.1204
47.8748,15.102
48.3068,15.3252
47.8389,15.2778
47.5751,15.2102
47.2923,15.1288
47.4275,14.4035
47.6153,14.9392
48.7621,13.9755
47.4416,14.1425
48.5759,15.0035
47.4771,15.1398
48.3283,13.4491
48.2322,14.381
47.3599,14.8613
47.4765,15.7831
47.8327,13.655
47.7199,15.9092
48.645,14.9307
47.7535,14.15
47.4896,14.973
47.642,13.4414
47.877,14.7196
47.3473,15.8041
48.1238,15.6025
47.1881,14.2204
47.6177,13.2541
48.3891,13.0544
47.7166,15.6194
47.2598,14.3893
48.4104,14.041
47.6556,14.2816
48.3823,15.8744
48.324,13.0381
47.1414,15.1498
48.3105,13.1878
48.6682,15.7269
47.0136,14.8589
47.7129,14.2853
47.7146,15.7792
48.7179,14.3611
47.8791,15.094
47.8957,14.472
47.633,15.6375
47.6914,15.1816
47.7451,15.2097
47.6762,13.7214
47.2171,15.7916
47.4816,15.5332
47.7761,13.48
47.465,13.8036
47.9924,13.247
48.4189,15.741
48.0053,14.4128
48.1838,14.9928
48.3286,15.9804
48.3065,13.2177
47.9292,14.704
47.6963,15.4105
48.5235,15.9603
47.5763,14.1344
48.424,14.151
48.2996,13.3344
48.4771,13.5004
47.6075,14.8992
47.0861,13.7105
47.243,14.597
47.3866,15.0051
47.6999,14.442
48.351,14.6343
47.4904,14.9424
48.1408,13.9158
48.4415,14.05
47.1944,15.3656
47.1926,14.9645
47.9417,13.4162
48.0643,13.2504
48.2704,15.6305
47.7852,14.9961
47.5341,15.2056
47.6274,13.9868
47.7888,13.9075
47.2807,13.0716
47.0704,13.3987
47.1204,13.0853
48.0874,15.2097
48.7681,14.8323
47.4903,15.3598
47.4274,14.7552
47.5019,15.8613
47.9894,13.9976
47.945,13.0314
48.3438,14.6225
47.5878,13.7046
47.1073,13.7717
48.2425,15.0644
47.6869,15.5407
48.1979,14.9188
48.6312,13.3073
47.7461,13.8094
48.7922,13.1753
48.1702,15.3853
48.7189,13.0981
47.002,13.9771
48.1356,13.1085
48.2283,13.2835
47.718,15.9193
48.0272,13.5271
47.2747,15.9598
47.7508,14.3489
47.6663,15.6897
47.8347,14.0924
47.3486,15.7689
47.3106,15.9798
48.3151,15.375
47.227,13.0006
47.8298,15.637
47.7409,14.1236
48.2939,13.8027
48.7344,13.6967
48.2673,14.3717
47.7295,14.6277
47.6807,13.012
48.6295,14.1305
48.6144,14.6331
47.7969,13.4884
48.6969,14.5073
48.1945,14.413
47.7808,13.8264
47.3611,13.1816
48.0902,15.5381
48.672,13.8039
47.7023,14.7363
47.2433,14.0074
47.6254,14.2759
48.7771,15.8359
47.2672,15.6511
47.0192,13.1349
48.3458,15.5085
47.9003,13.1368
48.6935,15.4712
48.668,14.7781
48.7247,14.2241
47.7797,14.256
47.1955,13.0481
47.825,13.6884
47.4713,13.2052
47.6717,13.5559
47.2335,13.7511
48.3903,13.896
48.6092,14.5036
48.2993,15.9744
48.2869,15.0066
48.4985,13.3845
47.092,15.4186
47.9059,13.2204
47.9422,15.3066
47.1019,15.1327
47.4736,13.3476
48.395,15.707
47.5372,13.9331
47.0734,14.7056
47.9998,15.6319
48.5832,14.2842
47.8536,14.3926
47.3802,14.33
47.1368,15.2682
47.0471,13.5783
47.9984,15.3093
47.9345,15.1373
47.2033,14.1069
48.6907,15.4966
48.4657,15.2716
47.9742,15.0075
48.2231,13.9072
48.0148,15.2059
47.2213,13.8771
48.0772,13.1973
47.1635,13.3732
47.1156,15.6444
48.6998,15.9754
48.3635,14.6867
47.3774,14.0377
48.0914,13.374
48.4575,13.8507
48.4901,15.9278
47.5139,14.6192
48.1873,14.3329
48.4708,15.8437
48.2896,14.4282
48.0155,13.2194
48.4563,15.7968
48.7225,13.6566
48.3605,13.3541
47.1665,13.4855
47.5655,14.6066
47.5673,15.3393
48.5596,14.0854
47.7105,13.6055
48.6262,15.4724
47.8177,13.7005
48.2021,14.4072
48.7026,14.7604
47.9775,13.9107
47.9416,15.6421
48.6235,15.7715
48.1131,14.402
