[0,5,2,0,0,6,0,0,0],
    [1,6,0,9,0,0,0,0,4],
    [0,4,9,8,0,3,6,2,0],
    [4,0,0,0,0,0,8,0,0],
    [0,8,3,2,0,1,5,9,0],
    [0,0,1,0,0,0,0,0,2],
    [0,9,7,3,0,5,2,4,0],
    [2,0,0,0,0,9,0,5,6],
    [0,0,0,1,0,0,9,7,0]]
    
[0,6,2,5,0,4,0,7,0],
    [0,8,0,0,0,0,4,0,9],
    [0,0,0,0,2,0,0,0,1],
    [0,0,1,0,0,6,0,8,4],
    [0,0,9,0,0,8,0,0,7],
    [8,0,7,9,0,0,0,0,3],
    [0,0,0,7,0,0,8,3,0],
    [2,0,0,6,0,3,0,0,0],
    [7,0,0,0,0,0,0,0,0]]
    
[0,0,0,8,0,0,1,2,9],
    [0,1,0,0,4,0,8,6,0],
    [0,0,0,0,0,0,0,0,4],
    [0,0,7,0,1,0,0,3,0],
    [0,0,4,2,9,0,0,0,0],
    [0,0,9,5,0,3,0,1,0],
    [4,6,1,0,7,0,0,5,8],
    [0,7,5,0,6,0,0,9,1],
    [2,9,8,1,0,5,0,0,0]]
    
[6,0,0,3,0,0,1,0,0],
    [0,7,1,6,2,0,0,0,0],
    [8,0,5,0,0,1,0,0,0],
    [5,0,0,8,7,0,9,0,1],
    [0,0,9,0,0,0,6,0,0],
    [4,0,7,0,6,9,0,0,8],
    [0,0,0,2,0,0,8,0,7],
    [0,0,0,0,8,6,4,1,0],
    [0,0,8,0,0,3,0,0,2]]
    
hardest
[0,0,0,0,7,5,4,0,0],
    [0,0,0,0,0,0,0,0,8],
    [0,8,0,1,9,0,0,0,0],
    [3,0,0,0,0,1,0,6,0],
    [0,0,0,0,0,0,0,3,4],
    [0,0,0,0,6,8,1,7,0],
    [2,0,4,0,0,0,6,0,3],
    [9,0,0,0,0,0,0,2,0],
    [5,3,0,2,0,0,0,0,0]]